12
03
25
34
03
14
05
23
32
14
36
25
14
36
47
25
21
12
56
45
54
52
63
54
43
30
21
43
32
21
43
34
52
61
43
16
05
70
61
56
45
10
21
25
14
43
34
45
23
12
34
65
74
61
52
74
74
27
16
41
32
67
56
01
12
56
65
50
41
16
25
34
16
05
07
25
32
23
14
32
21
43
76
76
65
54
43
65
76
54
63
45
05
14
12
23
14
32
41
23
25
14
52
43
14
32
43
54
74
63
45
36
63
52
72
63
52
41
36
47
32
21
54
45
21
30
45
36
30
21
63
54
41
50
47
56
50
61
54
65
61
50
65
76
50
61
36
27
61
52
76
67
52
43
56
47
43
52
27
16
21
30
47
56
52
41
67
76
41
32
76
65
32
41
56
67
30
21
16
05
21
32
65
74
41
30
67
76
32
21
05
14
30
41
76
65
21
30
74
63
30
21
14
25
41
52
63
41
21
10
25
36
10
01
36
47
01
12
41
50
12
23
50
61
23
12
65
74
12
01
61
72
01
10
47
56
10
21
74
65
21
10
72
63
10
21
63
52
21
30
65
54
30
41
52
30
